-3.630869196201508275e-02 -2.318061186280000185e-01
-2.707085419867627518e-02 3.061057961850000009e-01
-7.602182106054461430e-02 -3.663940297510000221e-02
-3.620579411853880325e-02 -7.601153056100000416e-02
-2.580228675867551891e-02 -1.709735795700000061e-01
-2.163378814759753244e-02 -2.213367225269999850e-01
-9.891003425162248064e-03 -9.231545014139999616e-02
-7.837917241877789820e-02 -2.497870268949999584e-01
-5.637233285438858488e-03 -1.312944084029999958e-01
-1.544288082985223465e-02 3.838884951569999232e-02
-2.615371227825413758e-02 -5.126959450709999561e-02
-4.532047784443049565e-02 -8.283448258440000156e-02
-6.782676615192362313e-02 -2.833090604169999915e-01
3.310971639447024550e-02 -9.221126931970000107e-02
1.078301713429163922e-02 -1.277589466499999826e-01
1.272402502683767089e-02 2.445144307609999762e-02
-7.972519091560270610e-04 -1.483310259959999891e-02
-2.076699252496727599e-02 -9.731743666170000404e-03
-1.237712676659197264e-02 -1.712972420839999760e-02
3.946650883939195609e-03 -3.824564429880000782e-02
1.486784780060146360e-03 5.977421271539999810e-03
-4.163767693495690203e-03 -8.805809575040001239e-03
5.119872184729312714e-03 4.001594896330000484e-02
-2.630081258811745037e-02 -4.915824915819999759e-03
3.174524226583075315e-02 1.265080713680000017e-02
-1.641172332264551059e-02 -6.474347434739999296e-02
4.848191384277056315e-03 -5.675539929679999712e-04
-1.087669866602425373e-02 -1.657159833629999815e-02
-1.603895964185109158e-02 -2.140019644220000211e-02
-7.443597347699615341e-03 2.409652076319999947e-02
4.644847735921775467e-04 -4.138755980860000377e-02
-7.581003832554111810e-04 1.766274734729999726e-02
-5.859550255923995365e-03 1.274574184279999786e-02
-2.056970754744846808e-02 -5.619444200930000244e-02
-1.420848630906323962e-02 -4.473962930269999999e-02
1.286685465192616284e-03 4.389661785159999774e-02
3.970955690607499977e-03 -4.304051343760000037e-02
-3.918228560538347671e-03 -1.697690335910000126e-02
-9.438992187086846231e-03 -3.034210073920000361e-02
2.181715023665063702e-03 -3.005523900659999581e-02
1.672602307143764011e-03 -5.257682139909999885e-02
4.371570473591435135e-03 2.072120118149999857e-01
-3.258700730843208659e-03 -4.727877231509999834e-02
-3.275197322047271320e-03 -4.709280101930000267e-02
-5.262156698780176556e-03 -4.357760642180000255e-02
5.697891028252813350e-03 9.678162685310000291e-03
3.988365823980599689e-03 -3.560459560909999630e-03
-1.447942639602583376e-03 -1.169344990959999935e-02
-1.850600581733335970e-03 -1.922166461510000160e-02
3.714934673639432028e-04 5.341372844589999808e-02
1.791002033933890292e-03 -1.027186895689999845e-02
-1.253441268913302320e-03 -2.033898305079999760e-02
5.128026396198376996e-03 -2.033898305079999760e-02
-6.584237477050334728e-03 -2.033898305079999760e-02
-8.085048266260826816e-03 -1.932888204070000102e-02
-1.558643171777347736e-03 -1.904196618959999934e-02
3.544558133459139310e-03 -2.033898305079999760e-02
-3.006554174621416109e-04 7.877775125330000123e-04
1.302382104415633624e-02 1.129153802400000156e-01
4.810674937371750559e-03 6.116246940140000234e-03
-1.128644226005648399e-02 -2.391896343859999455e-02
-3.128729522405837571e-03 3.641942888269999318e-02
9.152154929361833169e-03 9.435263289079999505e-02
-5.984574842563539221e-04 5.724825693220000900e-02
-3.015343957402494279e-02 -3.368027447979999867e-01
4.645746305483311467e-03 1.110864604459999988e-01
3.755399233733747177e-02 5.972339852169999963e-02
-2.089546943593634243e-02 -7.845396835519997947e-03
-2.411864219569348489e-02 -2.841041021669999944e-01
-4.238401290547422207e-02 -7.920531674210000428e-02
1.212312725567066263e-02 1.356590464279999915e-02
-9.188773185341392313e-03 -1.594995580199999874e-01
-8.718001247212114890e-04 -2.376849016730000208e-01
1.930104387866871107e-02 -6.928150253709999817e-02
-1.413000140328390941e-02 1.421568627450000011e-01
-2.290748234557737906e-02 7.785762032090000340e-02
5.843436512842359321e-05 2.377915903719999835e-01
1.319722917990895361e-02 -2.156238178550000106e-01
1.599645264570770387e-02 1.149137089549999990e-01
-1.334298696694835029e-01 -6.085621327660000190e-01
1.726183030779293581e-02 1.133675882879999972e-02
-1.185567240283214030e-02 6.027957950560000611e-02
-2.397072604080630054e-02 4.644968804119999940e-03
1.069056413908364700e-02 8.962967743789999886e-02
-1.395276986609816916e-02 -3.396785363999999668e-02
1.060196191434714663e-03 2.241194453409999995e-02
-6.790522057740222550e-03 -2.250180031349999915e-02
2.458412145013366690e-02 1.074367187990000055e-01
-1.650111598077508290e-02 9.886588754600000514e-03
1.741325915028058002e-02 3.783263195360000303e-02
-1.351901260494381418e-02 1.164245003479999832e-02
-2.431063094000818214e-02 2.848401150209999358e-02
-1.948316748989531444e-02 5.839062210099999622e-02
2.146400536254655655e-02 1.269911114339999925e-02
-1.317739226529290875e-02 -4.669651883090000094e-02
7.519338850287105025e-03 -1.961515308429999729e-02
-1.564287271244069188e-02 2.043752101379999950e-02
1.128797776418832832e-03 -1.105183161029999785e-02
-1.147083074171195705e-02 -2.604858915980000009e-02
-7.693315266996236801e-03 9.897303187729999605e-03
-9.610948488172788018e-03 3.195777351249999565e-02
-7.940599892874544707e-03 3.277293686959999869e-03
-2.255383919043785212e-03 1.356611305079999906e-02
-1.434572082056817521e-02 7.305962927520000087e-03
2.108194531043605657e-03 3.485033549589999780e-02
-1.856474842651245627e-02 3.331019992459999940e-02
-4.281394781895153656e-03 1.312369279499999916e-02
-7.260134632206605154e-02 -8.355746940199999528e-01
-5.781636140712831384e-02 -1.764475743349999959e-01
-4.145767329433169834e-07 -1.345283824160000141e-01
-2.802810290170754115e-02 -1.476215785280000081e-01
-8.198797490040488078e-03 -2.300874210780000373e-01
1.326165604411622123e-02 -6.000500041669999673e-03
6.491878924803806683e-02 2.474661050410000007e-02
-1.126861942040945364e-01 -2.963306152710000196e-01
2.578280731137416737e-03 -3.878988214999999906e-01
6.278802639966052368e-03 -7.422535211269999655e-02
-2.171680337207948508e-02 -1.852380103409999867e-01
-1.529677199200119020e-02 -9.072841959730000572e-02
-4.344915771321122833e-03 -1.862397406019999924e-01
2.690164397748984193e-02 -1.273022751900000082e-01
-1.474407663472165897e-02 -1.896551724140000186e-02
-2.568299374211130415e-02 -1.469088271400000034e-01
8.069564395599049256e-02 3.359447469249999818e-01
-3.204282500879956919e-02 2.654284445759999556e-02
-1.569222052848046056e-02 -1.351118359740000052e-01
-3.523707210874964246e-03 -1.052593779599999939e-02
3.008100830499571554e-02 -1.235560689529999895e-01
-3.610406978891234075e-02 8.252209913840000133e-03
2.765855677360151699e-02 1.410047849739999859e-01
-9.116969360857729576e-02 -2.584429467809999936e-01
-1.892487263515119089e-02 6.213994858420000128e-02
-9.850243650478152091e-03 4.878969862210000286e-02
-3.225349355561180076e-02 -3.946858780700000097e-02
5.409662176557472613e-03 -5.280553618919999782e-03
-1.171618199680146688e-02 2.416918428999999952e-02
1.089966429180887486e-01 1.669127501530000002e-01
-2.231041834444513761e-02 3.864598659009999687e-02
-1.121697794545895022e-02 7.844027362519999380e-02
-6.000202293731338177e-02 -1.894128464470000162e-01
1.865292322446687745e-02 -1.013946943670000073e-02
-1.445897367428072844e-02 -1.660790598290000086e-01
2.175910856204132937e-02 5.031986922049999644e-02
2.346244884357651106e-02 2.248303167420000193e-02
2.423690190909588704e-02 7.938360540850000757e-02
2.338942819758993430e-03 4.677334481440000025e-02
3.291037376646221979e-02 4.210584263069999666e-02
-1.500025229599155630e-02 -3.592032967030000384e-02
1.993943400035569358e-02 5.455586080589999720e-02
-1.241340294318993287e-03 -3.880296766570000711e-03
-5.257464653870114191e-03 -5.712105876580000213e-02
-1.307700581373693050e-01 -7.460122699389999390e-01
2.103052280124151352e-02 -1.609774002409999905e-02
2.686734485446218290e-02 3.878305169880000292e-02
-1.463160116272010924e-02 3.318773006129999842e-02
1.198119522133000991e-03 3.761730790059999757e-04
1.567515070974179192e-02 2.749200356559999489e-02
3.050172352631419503e-02 1.187676042750000077e-01
4.932894783929997473e-04 7.974530581889999192e-02
4.256765291180486521e-02 6.934962075560001382e-02
-1.968940702409704979e-02 2.054924425689999903e-02
-3.335577336282269378e-02 -4.622825266000000349e-02
8.368228039595027035e-03 1.008529103700000172e-02
-6.414270277057532166e-02 -9.108494533220000411e-02
2.395789192029085246e-02 2.877107701659999822e-02
-1.025645962644196052e-01 -1.881127030920000040e-02
7.564768958759238160e-03 1.324365289879999782e-02
2.049141888720085181e-02 2.307145396370000046e-02
7.965100385383117043e-03 -2.779105496760000266e-02
-1.004275608125115848e-02 2.254641909809999845e-03
-3.445613603484853904e-02 -7.940061382919999522e-02
-5.159242807622022031e-02 -1.225378318039999914e-01
9.966829473988525478e-03 -1.876503608660000030e-02
-7.029025256642462693e-02 -8.311901056600000393e-02
-3.298973646132219439e-02 -9.215095249580000647e-02
3.929552047975848339e-03 4.607158446090000442e-02
2.310023063218835659e-02 4.490777866879999691e-03
3.027427926170855876e-02 -2.472279761179999730e-02
-3.499888505908876901e-02 2.901049475259999746e-02
1.768330135836537753e-02 -6.745689655169999355e-02
2.425216277036001955e-02 1.017381737659999869e-01
-2.546707782566892675e-02 -2.795903659890000038e-03
-1.165281530687589662e-02 5.921182663029999488e-02
4.907459787231505111e-03 -7.612485959520000345e-03
4.083625006089064424e-02 6.084500952559999953e-02
-1.870608496847647739e-02 -9.934627106070000047e-02
-2.033043611821661045e-02 -9.928976670139999863e-03
-1.509900368653382952e-02 4.206109345009999972e-02
1.939974648281062031e-02 1.068539050190000089e-01
3.822426094342279423e-02 -1.614604537550000038e-02
2.648478942997822827e-02 6.008447324739999568e-02
-1.858348988679747738e-02 -5.946390674080000160e-02
1.962641820099408907e-02 1.255521297470000089e-02
1.390110626152518680e-02 -5.891682109499998994e-03
-3.615491433083397460e-03 -1.755325251440000012e-02
6.122592805433781787e-03 1.454641953130000054e-01
-7.968676317055656960e-03 -1.060363722529999997e-02
-1.099186660442289659e-03 -2.311533505149999945e-02
-3.323442120497076963e-03 -1.969187999540000442e-02
5.515679791978731622e-03 5.187058289569999956e-04
-6.617069278253492892e-04 -5.504106237990000032e-03
1.105324094996144174e-03 3.014086723849999927e-02
-2.373623199195668693e-03 1.907216494849999985e-02
-4.872721518448315525e-03 5.171679304760000428e-02
-6.994950857585054832e-03 1.751903510550000247e-03
3.354434941936278863e-03 6.629438717070000597e-02
3.194112345608613596e-03 -5.717751017930000450e-03
1.661254392568155963e-03 3.663973251600000092e-02
3.489289787123008718e-03 2.967822555450000052e-02
-1.178788319871050885e-02 -1.762996271109999735e-02
-3.566952450998930879e-03 -7.672021098060000446e-03
6.854399924262111893e-03 5.043387970039999585e-03
-3.203394422395811070e-03 -1.611302023670000208e-02
-1.771726987451954782e-03 -5.770602347140000449e-03
-1.114744644443447369e-03 -1.322872000729999852e-02
3.913943676420143791e-02 5.998125585750000571e-02
-4.684234305521361996e-02 -3.350758273329999537e-01
-2.586119968062444707e-02 -2.700951753690000040e-02
-2.204240893100772869e-02 -1.143776032430000034e-01
-1.605377921079587100e-02 2.181243910530000218e-01
-2.341284320367909011e-02 -2.490325503449999922e-02
1.968369111497703106e-02 2.127373648850000021e-01
-2.462194300467118735e-02 -2.894552756800000126e-01
-7.240066985785442721e-03 -5.944002700419999397e-02
2.527057027134865796e-02 -9.171181847969998857e-02
1.730159767769301471e-03 -5.439878328250000866e-02
-2.417437311455788995e-02 -1.460157897150000106e-01
-2.598092944944507821e-03 -3.914892247970000461e-02
2.346706954644683929e-02 4.157889090450000297e-02
-1.251774854965004291e-02 4.485421708180000605e-02
-1.352341009475521716e-02 3.190473138560000199e-02
5.062089851337603363e-05 -2.912688047020000129e-02
-9.936436179818097791e-03 2.857736535149999965e-02
-2.759684154268193801e-03 -1.588261271869999963e-02
-5.415520567136899999e-04 -7.465183063310000533e-02
-8.370385147008274629e-03 7.740899186049999929e-03
-9.047181837716133934e-03 -4.260412820540000062e-02
-1.359366319773169796e-02 -6.884409527679999363e-02
-1.807953222176039709e-02 2.329825849340000019e-02
-2.609160027559920270e-02 -1.190049763299999841e-01
-3.385682399560496769e-03 2.449150968670000053e-02
-2.014404585694240524e-03 9.722329438849999783e-02
-3.636575567982469614e-03 -1.520709580139999878e-02
-3.301760477597159849e-02 -1.003410471850000041e-01
1.786193160248125689e-02 1.251384274639999981e-02
2.612407615753763179e-02 2.456353218740000427e-02
-1.045230186137377504e-02 -4.460630260899999672e-02
-5.918985645358428027e-03 -3.913450890199999394e-02
-3.114885179885035216e-03 -2.888059898929999994e-02
5.502369846112756258e-03 1.126070991429999925e-02
4.691735718485010032e-03 -7.136704811119999733e-04
-1.903396544326925455e-03 1.842876882359999746e-01
1.778611937380519814e-03 -8.914728682170001278e-03
3.653625136328608747e-03 2.840921497979999669e-02
-3.785164078134242716e-03 5.221847693409999505e-04
4.599566085349934830e-03 -3.004333760609999640e-02
1.355540868799368082e-02 4.056014003500000298e-01
4.969475017575220033e-03 -4.406756711010000049e-02
-1.133037664422564816e-02 1.099305467059999951e-02
4.135479117291684936e-02 2.095911420340000261e-02
7.902597084806339822e-03 -4.953113119880000331e-02
9.398795187224306957e-03 -4.033524559840000190e-02
-1.428557242426042873e-02 -4.206442624130000280e-02
1.746943020382352163e-02 -7.365050648630000474e-02
-2.032990606692197666e-02 -1.739491473380000083e-02
4.745313156100150476e-02 1.409226337559999973e-02
-6.510172519927470702e-03 -1.444790101019999828e-01
-1.066725553001290905e-02 -4.036168364530000607e-01
3.990779438829861192e-03 -3.752511296019999526e-02
5.821569854655206377e-03 -6.520776356819998898e-02
-5.050647420681719790e-02 -1.155902602579999966e-01
2.802135464470001391e-02 -6.373079656659999537e-02
-1.766214333642268652e-02 6.911669581470000247e-03
-3.847479294897737656e-02 9.862425814510000777e-02
-3.129364850153659727e-02 -2.570953149309999630e-01
-1.923922848161452315e-03 -8.859394839610000572e-02
-4.295692598666034367e-02 -9.511396738640000292e-02
-3.404551984112413887e-02 -6.340147999500000096e-03
-4.140072914072367993e-03 -9.028113653550001727e-02
-1.126587426659109159e-02 -8.368869936030000345e-02
-7.180300981324694298e-02 -6.321359925489999920e-01
1.242542318526018708e-02 -2.120175033619999764e-03
-5.536094419610226858e-03 1.982199171049999972e-02
-1.331675586258573851e-03 -3.230484477259999796e-03
-1.994844617614777160e-02 -1.002060793410000129e-02
-1.044034958729100904e-02 -1.805127782909999798e-02
2.867759441719031077e-02 -2.256742441349999725e-02
1.288462779641486033e-02 -4.371603168140000134e-03
6.216206861118678262e-03 1.641350059309999720e-02
-3.198879496376760834e-03 3.337663738080000591e-04
-4.976575850655140520e-03 1.863391912709999945e-02
-4.670050374388523551e-02 -7.401788565950000176e-02
1.680684104209362317e-02 1.151228174020000050e-01
4.778454111953822636e-03 -4.676647630809999817e-02
3.565414833132385386e-03 8.574478178369999981e-02
-3.087743852314228654e-02 -8.148667601679999983e-02
-1.940174448574494281e-02 -1.471282454760000080e-01
6.182687429969185855e-02 2.304190533610000202e-01
-2.478790625550264526e-02 1.924610366069999870e-02
-6.181569528008012959e-02 -1.705525391249999856e-01
-2.058751902732919303e-02 -3.009147809340000437e-02
-8.539241809619291246e-02 -2.702091793730000413e-01
-5.348509052152927712e-02 -2.799381352190000172e-01
-1.001636812137822186e-01 -2.554425552199999783e-01
-2.871095103420823191e-02 -2.005026597039999692e-01
-2.778790353129212409e-02 -4.250436356580000741e-02
-4.312499295796595744e-02 -9.880940266609999911e-02
2.561969479523734661e-02 6.811177316619999866e-02
-4.951079868812563456e-02 -1.928136589459999994e-01
4.168474234837182824e-02 6.751668441140000997e-03
-8.272967639824391206e-02 -4.890708751660000075e-01
-3.889683627110129827e-02 -7.863847480519998989e-02
-1.446912363631003284e-02 -5.598420905330000336e-02
-2.731889972684808932e-03 9.703938304539999615e-03
6.496755675953813647e-03 4.429012992290000117e-01
-2.874006494377751020e-02 -1.068581380600000102e-01
-8.944641529226055043e-03 -8.382066882520000650e-02
5.110469522864702352e-02 5.391188294090000221e-01
-1.705791542127915728e-02 -6.546681664789999466e-02
8.515414406411070392e-03 -1.432905749169999937e-02
-2.442742067790915073e-02 -7.600968083499999063e-03
-2.877146654198958764e-02 -1.076333584960000034e-01
-1.340211016026904289e-02 -4.173443761019999393e-02
-3.420357128056850105e-02 -2.695234718090000481e-01
-3.038269116017811022e-02 -9.202500025250000271e-02
-2.942930926631204258e-02 -1.160873093280000018e-01
-4.433229888211043246e-04 5.108284459340000326e-03
1.775152983660621686e-02 1.854636591480000180e-02
-2.113902430260561349e-02 -8.349577647819999421e-03
-1.868667644471289080e-02 7.832080200499998493e-03
-4.421821896117728024e-03 3.810034135109999914e-02
-7.121746324929678629e-03 2.364840673109999680e-02
-1.590049465869924905e-02 -3.816959688440000470e-02
7.344043616704820643e-03 6.840569695569999331e-02
-1.755090380364043856e-02 8.861135890570000576e-03
-1.434642573758571071e-02 -1.362866626019999979e-02
-3.193013962597257560e-02 -5.968382494699999707e-01
-1.416018451174338999e-02 -8.889064371359998648e-03
3.559169807210382785e-02 8.448043184890000057e-02
3.144074836792809524e-02 -2.318426785920000288e-01
-2.494305228693993737e-02 -2.570946464179999502e-01
-5.442267612834650325e-02 1.422955974840000026e-01
-4.034037096356424268e-02 2.367791655590000266e-01
-1.651881511344976960e-02 2.551543171310000080e-01
1.137550948475396506e-02 2.295827021069999918e-01
-1.322175080088139332e-03 2.496047222520000053e-01
-7.892894838398278878e-03 2.037464368130000036e-01
-1.632272741084306311e-02 1.137375450500000135e-01
1.224845947392361190e-03 2.761713371289999941e-01
-2.294285609187929342e-02 2.113917312359999967e-01
1.338034259757947542e-02 2.658662092619999973e-01
-3.196292730450012165e-02 1.972521337600000035e-01
-5.335061178696398621e-02 2.640374521209999936e-01
1.705792140184436700e-02 2.553406045170000249e-01
-1.884425639850362266e-03 2.659405839339999966e-01
-3.690591699191525521e-02 -2.125894599869999901e-01
2.699315082786235553e-02 2.378599498999999784e-01
-5.381083635341660232e-02 1.638097587039999969e-01
-6.154836780454142620e-03 -2.434570906880000052e-01
-1.693900627471278675e-02 2.147841819590000090e-01
-2.606455043766875423e-02 2.464622641510000323e-01
-1.684327373132611383e-01 -5.025456723569999840e-01
7.961142168637524996e-03 3.378397268980000423e-02
3.765788273584647072e-03 7.120217201110000393e-02
-1.546516280956233835e-02 4.380903534639999514e-02
-2.049747334605334093e-02 7.056838294530000388e-02
-1.439740164116409815e-04 2.381078191879999750e-02
3.706613289396798461e-02 6.941140046100000016e-02
-2.596307728841684703e-02 4.622220094499999987e-02
-1.206386622526511854e-02 5.777477974689999851e-02
3.900621296407780214e-02 9.611090014830001027e-02
8.060604372660984396e-03 8.158247134989998761e-02
7.636998332007927104e-03 3.168782322520000139e-02
2.586984292819183295e-02 -9.421034110840000378e-03
4.333420003968735390e-02 4.356725584930000450e-02
2.844459814727251512e-03 4.959258512999999841e-02
-1.113602320634732301e-03 3.850293793509999840e-02
-2.175421667148991212e-02 6.844794783580000763e-02
-4.430376744281261381e-03 7.455660888130000163e-02
-8.326648846284090411e-03 3.023854786290000249e-02
-4.160469456378046438e-03 -1.635926077689999966e-02
-2.139169718807898413e-03 7.700597058399999244e-03
-9.038866057182215474e-02 -2.180375180380000055e-01
1.003557603303029122e-02 4.462545555040000472e-02
9.233607020233458584e-03 9.293903191429998822e-02
2.748008479058883236e-02 1.676973638210000062e-01
-3.955862234799134569e-02 -1.711627027119999866e-01
-5.220145960840527621e-02 -2.159244959239999817e-01
1.281744429689146703e-02 -1.586598723129999805e-02
-1.076086490883646496e-01 -6.913447139860000312e-02
4.189081892870483159e-02 4.192147034250000293e-02
-1.277646449844915821e-02 -1.522564197219999915e-01
3.233608944429489096e-02 -1.082443279569999944e-01
-9.864587701439275769e-03 -3.579608276729999705e-01
-7.895412706919280321e-02 -5.395847592970000051e-01
-2.281861738130430695e-02 4.828203925199999608e-02
-3.902011380195313794e-02 -4.560674671709999961e-01
1.791003558681747432e-02 5.432205073860000427e-02
-1.916997921720842157e-03 -2.710949072159999917e-01
3.828846737853153215e-02 -1.286331378190000152e-01
3.047654429913626561e-02 -2.433157939770000111e-01
2.936220511850440307e-02 6.065188172040000131e-02
4.122554201028361121e-03 2.157738095239999931e-02
4.814905335384844776e-02 1.105789363480000065e-01
-1.233113352407055885e-03 -6.960227272730000470e-02
-1.710603181707437415e-02 3.131430041150000398e-02
-2.691034200505237894e-02 5.066287878789999671e-02
-4.594050335766497462e-02 7.473194896849999491e-02
-1.674391004257258508e-03 5.568910256410000703e-02
2.553539844670715819e-02 1.434094736590000099e-02
-7.970430711520437583e-02 -1.653691975619999976e-01
-7.478318602030620266e-02 -2.726222012249999993e-02
-5.094618124032246342e-02 -2.162633870059999658e-02
-1.397010732417935941e-02 -8.221405382200000500e-02
2.442130382597773597e-03 5.728314238950000387e-04
2.662310470142870145e-02 1.199605239770000151e-02
3.984479098424387189e-02 -1.609383524279999964e-02
1.236875745420418227e-03 -2.395205105790000101e-03
4.548165319556152220e-03 -1.026381777500000037e-01
1.685293288275957480e-02 -1.051648734939999996e-01
-1.154720950811227720e-02 -2.422391654359999646e-02
-5.264850221986416834e-03 -7.069153639219999397e-02
2.818954189894085083e-03 -9.583865182970000007e-02
-4.737668912567671864e-02 -5.088347925569999819e-02
-8.960159858738991900e-03 1.027617212590000058e-03
4.076423198374601320e-02 6.534385652879999562e-02
-1.842888542356035941e-03 -1.777129281480000237e-03
-1.268500778273196072e-02 -7.509365517939999533e-03
-2.502238612608020940e-02 -2.531619163619999724e-01
-3.083450064316717310e-02 -8.889731917049999155e-02
1.133820934404028424e-02 -2.591486303009999867e-02
9.196494337980865019e-03 2.734016294690000404e-02
9.671647952676657519e-06 0.000000000000000000e+00
-2.971600047548428325e-02 -3.057014253560000339e-02
1.504645779415825224e-02 -5.249059614729999906e-02
-4.512890655478241086e-02 -1.185455374439999855e-02
-3.335207340587620362e-02 -3.660441426150000399e-02
1.947524008638168436e-02 -5.356911517040000015e-02
-1.026719103118201026e-02 -7.334654892769999768e-02
-1.767946356701444177e-02 -3.236577090849999949e-02
1.737631661031024954e-02 -6.884666372070000206e-02
-2.284459837358721046e-02 -2.087251771889999941e-01
9.689563562534364571e-03 -2.146844626519999952e-02
-8.187362365635830752e-03 7.042811358700000468e-02
-5.876700309716326176e-02 -2.205575724360000212e-01
-2.551102280921330179e-02 -1.971771433420000108e-01
2.867332586085319379e-02 3.079184798130000233e-01
-2.008443714970081784e-02 1.984783915990000203e-01
8.223866683837843805e-03 -1.613297066540000154e-03
-2.920909903276680541e-02 -1.438250033500000080e-01
-4.421002938237117430e-02 -1.767065500410000267e-01
-4.142122338943732274e-03 -7.515375828060000263e-02
-4.275142057675646035e-02 -1.911237575200000205e-01
1.145935441427603507e-03 -1.473449027529999955e-01
4.076573794183580013e-03 6.674688524240000864e-02
3.232260454714941389e-02 2.640700446799999768e-02
1.110871756338516203e-02 7.639242295730000465e-02
3.988158709810729619e-03 1.045938892049999985e-01
-1.077155271690222182e-02 1.361774689640000147e-01
3.665782326209510167e-03 4.057304193240000162e-02
-4.957725833855231024e-03 1.357721949749999928e-02
-2.015977957170400625e-02 -2.299313124359999780e-02
-1.784765748395700236e-02 -4.634332694830000515e-02
9.357142986856858968e-03 -1.088464327370000130e-02
-6.742932573471804858e-03 5.193395860789999999e-03
-4.242430799505481076e-03 -2.241413006299999844e-02
-1.789842581164913238e-02 -5.721321685540000507e-02
-1.024860626729218183e-02 4.711795864900000103e-02
-6.728266566255469705e-03 1.918671248569999918e-02
1.713428559854313082e-02 -3.145242222419999956e-02
-3.581467191424048124e-03 -1.667985385489999944e-02
1.831007641059256841e-03 -1.122264423950000006e-02
1.182726194774587347e-02 -9.764990956119999621e-02
-2.222027623937616880e-02 2.558583792579999586e-03
-7.487887933249628980e-03 -3.893078737960000563e-02
-8.876724813932659885e-03 7.993046436299999780e-02
-1.056619042442299983e-02 6.530925224179999489e-02
1.590250577669649612e-05 -4.366948361459999789e-02
4.877912917106624890e-03 4.802436937749999385e-02
6.508559564254792762e-03 2.689031558280000067e-02
2.986453593225174563e-02 4.307784604530000006e-01
1.197960540150699860e-03 -5.725422491869999048e-02
-1.633344383350476825e-02 5.751582964699999967e-02
-7.880757392389692306e-03 7.542384755499999260e-02
2.230621053315795521e-02 1.052736927429999969e-01
-1.421390680788447991e-02 7.170534383649999899e-02
-8.555414736592936720e-03 9.389149102260001267e-02
6.295577868421053935e-03 2.746898628870000220e-02
-1.329689509087284005e-02 -1.225226953079999910e-02
3.407650712082155309e-03 2.542372881359999948e-02
2.276469044026807609e-02 1.183970856099999906e-02
-3.254143787585594971e-02 2.093802345059999834e-02
-2.782957491519910675e-02 2.857865452709999754e-02
-5.790803214331696758e-02 -1.172043010750000031e-01
-3.277276426415287602e-03 2.274806078869999817e-02
-1.128647000274762835e-02 2.753133535509999855e-02
-2.083324827407340152e-02 -3.762655651930000428e-02
-4.548439589834574193e-02 -2.103654315630000202e-02
-4.481208101551653611e-02 -2.833410522800000053e-01
-1.977075275503520357e-02 -1.187346067540000077e-01
