-2.437613854731734975e-03 -2.318061186280000185e-01
-3.491128356619260797e-02 3.061057961850000009e-01
-3.885554494636478395e-02 -3.663940297510000221e-02
-4.953237931238640979e-03 -7.601153056100000416e-02
-2.926782622578183446e-02 -1.709735795700000061e-01
2.570397235916122014e-03 -2.213367225269999850e-01
-7.139203057658138896e-03 -9.231545014139999616e-02
-3.796244658754788226e-02 -2.497870268949999584e-01
-1.264958837300667049e-02 -1.312944084029999958e-01
-8.636257904426902776e-03 3.838884951569999232e-02
-2.078294171554784242e-02 -5.126959450709999561e-02
-1.467892592151476272e-02 -8.283448258440000156e-02
-3.204283195479407098e-02 -2.833090604169999915e-01
7.914521446125699633e-03 -9.221126931970000107e-02
-2.417236831958879950e-02 -1.277589466499999826e-01
-5.429895339439605451e-03 2.445144307609999762e-02
-2.293728525461058432e-03 -1.483310259959999891e-02
-1.082756788739036580e-02 -9.731743666170000404e-03
-1.128937768835802657e-02 -1.712972420839999760e-02
-2.051082227932488067e-03 -3.824564429880000782e-02
-1.365258493603138668e-03 5.977421271539999810e-03
-1.131481928077848753e-02 -8.805809575040001239e-03
-2.553698364971557222e-02 4.001594896330000484e-02
-1.616417530483083009e-02 -4.915824915819999759e-03
4.358469260062525219e-02 1.265080713680000017e-02
-2.276202121269865764e-02 -6.474347434739999296e-02
1.876272668478240480e-02 -5.675539929679999712e-04
-5.638968034119784534e-03 -1.657159833629999815e-02
-6.465386111503712563e-03 -2.140019644220000211e-02
-4.642511850188602018e-03 2.409652076319999947e-02
-3.206429133589816516e-04 -4.138755980860000377e-02
-7.663657492885445066e-03 1.766274734729999726e-02
7.014620100342927600e-04 1.274574184279999786e-02
-1.186253703786321889e-02 -5.619444200930000244e-02
-5.175356190812108181e-03 -4.473962930269999999e-02
-4.353297248336107650e-03 4.389661785159999774e-02
-2.174934896642527482e-03 -4.304051343760000037e-02
7.901160408783497457e-04 -1.697690335910000126e-02
-1.928931245028811525e-03 -3.034210073920000361e-02
2.800644865238552383e-03 -3.005523900659999581e-02
2.552421913765777484e-03 -5.257682139909999885e-02
-2.747657479503951006e-03 2.072120118149999857e-01
3.212540591495234577e-03 -4.727877231509999834e-02
-4.867400429884927160e-03 -4.709280101930000267e-02
-1.265648072100409444e-02 -4.357760642180000255e-02
1.443417715071158153e-02 9.678162685310000291e-03
3.602521283483289816e-03 -3.560459560909999630e-03
-2.343586402667213742e-03 -1.169344990959999935e-02
2.585945784402857855e-03 -1.922166461510000160e-02
5.737855540222103201e-05 5.341372844589999808e-02
2.905734018396357449e-03 -1.027186895689999845e-02
-3.983566156700660277e-04 -2.033898305079999760e-02
3.257263248147599516e-03 -2.033898305079999760e-02
-4.141184404238412720e-03 -2.033898305079999760e-02
-6.547538920961744682e-03 -1.932888204070000102e-02
-5.304935295135961015e-04 -1.904196618959999934e-02
6.608104721785273972e-03 -2.033898305079999760e-02
3.965240677901608196e-03 7.877775125330000123e-04
3.912572480991638457e-03 1.129153802400000156e-01
8.428592332645368224e-03 6.116246940140000234e-03
-6.362010274405305310e-03 -2.391896343859999455e-02
-3.189466485978842414e-03 3.641942888269999318e-02
1.019240981104330146e-02 9.435263289079999505e-02
-1.086149919652357188e-02 5.724825693220000900e-02
-1.730627567829834401e-02 -3.368027447979999867e-01
8.541589126554893774e-03 1.110864604459999988e-01
5.460587699986030330e-03 5.972339852169999963e-02
-1.412498506009307597e-02 -7.845396835519997947e-03
-1.470191226751405011e-02 -2.841041021669999944e-01
-6.925365269992977968e-02 -7.920531674210000428e-02
6.053593446117000454e-03 1.356590464279999915e-02
1.027251310002919027e-04 -1.594995580199999874e-01
6.443652676541455904e-03 -2.376849016730000208e-01
-1.623675820916492540e-04 -6.928150253709999817e-02
1.640566711243462983e-03 1.421568627450000011e-01
-2.097290291841080734e-02 7.785762032090000340e-02
-6.276530059121199212e-02 2.377915903719999835e-01
7.494681346478682116e-03 -2.156238178550000106e-01
3.176685401956091948e-02 1.149137089549999990e-01
5.704973163976068129e-02 -6.085621327660000190e-01
1.547229173536213143e-02 1.133675882879999972e-02
-3.173748476886673053e-03 6.027957950560000611e-02
-1.133071057532519799e-02 4.644968804119999940e-03
1.276627376495664823e-02 8.962967743789999886e-02
-1.982958828362335613e-02 -3.396785363999999668e-02
1.270767675238315686e-02 2.241194453409999995e-02
5.188305635388523740e-03 -2.250180031349999915e-02
7.367209154013898420e-03 1.074367187990000055e-01
-6.125739531491980472e-03 9.886588754600000514e-03
-1.025714555848766807e-03 3.783263195360000303e-02
-2.188436519723335749e-05 1.164245003479999832e-02
-1.625880267642931809e-02 2.848401150209999358e-02
-9.139479128527638885e-03 5.839062210099999622e-02
1.559682090306047098e-02 1.269911114339999925e-02
-1.903422411958821669e-02 -4.669651883090000094e-02
1.725400269725452240e-03 -1.961515308429999729e-02
-8.538327690695513006e-03 2.043752101379999950e-02
7.282186164003778828e-05 -1.105183161029999785e-02
-1.565778921258442757e-02 -2.604858915980000009e-02
-4.922036804088536499e-03 9.897303187729999605e-03
3.136322651429712671e-03 3.195777351249999565e-02
-1.174528760625748181e-02 3.277293686959999869e-03
-1.309025477727010500e-02 1.356611305079999906e-02
9.673539132942110541e-03 7.305962927520000087e-03
5.664907866392399072e-03 3.485033549589999780e-02
-1.623956848114505025e-02 3.331019992459999940e-02
4.649354696568686052e-03 1.312369279499999916e-02
4.262027199242068853e-02 -8.355746940199999528e-01
-2.067259537721444218e-02 -1.764475743349999959e-01
-3.462483904363988785e-03 -1.345283824160000141e-01
-2.392058168059396639e-02 -1.476215785280000081e-01
-2.630399235008706871e-02 -2.300874210780000373e-01
1.281079573159926710e-02 -6.000500041669999673e-03
4.258893273066355345e-02 2.474661050410000007e-02
-1.188311701309961999e-01 -2.963306152710000196e-01
1.259785083024200780e-02 -3.878988214999999906e-01
1.411013952951645223e-02 -7.422535211269999655e-02
-3.665881898889966628e-02 -1.852380103409999867e-01
-1.261963848196256954e-02 -9.072841959730000572e-02
-5.603016717886655229e-04 -1.862397406019999924e-01
1.700687951393742292e-02 -1.273022751900000082e-01
-2.382906536556173016e-02 -1.896551724140000186e-02
-2.954853213055580463e-02 -1.469088271400000034e-01
6.063920219284318902e-02 3.359447469249999818e-01
-5.592410908271772119e-02 2.654284445759999556e-02
-1.491951393206336629e-02 -1.351118359740000052e-01
-2.063840443967009802e-03 -1.052593779599999939e-02
8.782225337353954941e-03 -1.235560689529999895e-01
4.716953200908258204e-03 8.252209913840000133e-03
7.107913906056473330e-03 1.410047849739999859e-01
-7.250814841528396837e-02 -2.584429467809999936e-01
-9.566425770911379800e-03 6.213994858420000128e-02
-2.980162765868432651e-03 4.878969862210000286e-02
-3.041850529210510246e-02 -3.946858780700000097e-02
1.096794112450039105e-02 -5.280553618919999782e-03
8.275269285897723925e-03 2.416918428999999952e-02
6.314816694324576485e-02 1.669127501530000002e-01
-5.138808237675096535e-03 3.864598659009999687e-02
-2.316822231470083704e-02 7.844027362519999380e-02
-4.053109167400914536e-02 -1.894128464470000162e-01
8.116675893586777768e-03 -1.013946943670000073e-02
-2.097289528694068483e-02 -1.660790598290000086e-01
2.509896608162753839e-02 5.031986922049999644e-02
2.121666718854597899e-02 2.248303167420000193e-02
4.791383123415537959e-03 7.938360540850000757e-02
1.392810736527827498e-02 4.677334481440000025e-02
1.686971875121734410e-02 4.210584263069999666e-02
-7.260304273102202721e-03 -3.592032967030000384e-02
1.282933936549734977e-02 5.455586080589999720e-02
-6.296488114095999400e-03 -3.880296766570000711e-03
-3.185310677384478595e-03 -5.712105876580000213e-02
3.365160395910948843e-02 -7.460122699389999390e-01
3.167120385611066347e-03 -1.609774002409999905e-02
2.255250607756320580e-02 3.878305169880000292e-02
-6.746607888332589731e-03 3.318773006129999842e-02
7.053750565417016283e-03 3.761730790059999757e-04
7.555825085505007976e-03 2.749200356559999489e-02
1.632191112603598171e-02 1.187676042750000077e-01
6.353709824350795010e-03 7.974530581889999192e-02
1.283457378284147410e-02 6.934962075560001382e-02
-8.119293606092259363e-02 2.054924425689999903e-02
-2.102915981200381701e-02 -4.622825266000000349e-02
9.995930870555946868e-03 1.008529103700000172e-02
-2.280838935711393400e-02 -9.108494533220000411e-02
2.651881305733450045e-02 2.877107701659999822e-02
-1.628024782727759412e-01 -1.881127030920000040e-02
1.048018816645401863e-03 1.324365289879999782e-02
1.941586394799543758e-02 2.307145396370000046e-02
-8.846062411896893352e-04 -2.779105496760000266e-02
-1.722849566771167407e-02 2.254641909809999845e-03
-2.645159395350649145e-02 -7.940061382919999522e-02
-3.268307370638234843e-02 -1.225378318039999914e-01
3.078842171286955143e-03 -1.876503608660000030e-02
-3.584159810587772554e-02 -8.311901056600000393e-02
-1.380750607797953666e-02 -9.215095249580000647e-02
9.462484609765731136e-04 4.607158446090000442e-02
5.469892411774979202e-03 4.490777866879999691e-03
8.293575717656764823e-03 -2.472279761179999730e-02
-7.789131780862712517e-03 2.901049475259999746e-02
1.899802282163165490e-02 -6.745689655169999355e-02
1.542771147191368541e-02 1.017381737659999869e-01
5.287308311397009852e-03 -2.795903659890000038e-03
-5.361890035271210664e-03 5.921182663029999488e-02
1.556948706869731858e-03 -7.612485959520000345e-03
2.349004182184410983e-02 6.084500952559999953e-02
-1.977849456894442692e-02 -9.934627106070000047e-02
-1.244878284102401977e-02 -9.928976670139999863e-03
5.001975687868309706e-03 4.206109345009999972e-02
2.302160650752260729e-02 1.068539050190000089e-01
2.850291126791704155e-02 -1.614604537550000038e-02
3.210130127885713058e-02 6.008447324739999568e-02
-2.409351399192183329e-02 -5.946390674080000160e-02
1.429659224673363038e-02 1.255521297470000089e-02
4.790929335307114734e-03 -5.891682109499998994e-03
-5.171194711704983626e-04 -1.755325251440000012e-02
5.461731356867973591e-03 1.454641953130000054e-01
-3.883520106929619353e-03 -1.060363722529999997e-02
6.194552686672797487e-03 -2.311533505149999945e-02
2.844419865764610117e-03 -1.969187999540000442e-02
2.620509714387122407e-03 5.187058289569999956e-04
-2.010534465159277001e-03 -5.504106237990000032e-03
1.638052013493280362e-03 3.014086723849999927e-02
-4.037053112271281330e-03 1.907216494849999985e-02
-2.907004672195363099e-03 5.171679304760000428e-02
-3.854157936308583166e-03 1.751903510550000247e-03
5.793358654762846560e-04 6.629438717070000597e-02
-4.129947469714324859e-04 -5.717751017930000450e-03
-2.074299398238436953e-03 3.663973251600000092e-02
7.264627473109210726e-03 2.967822555450000052e-02
-1.404008450628161861e-02 -1.762996271109999735e-02
-5.965684656061041174e-03 -7.672021098060000446e-03
1.303981607809867951e-02 5.043387970039999585e-03
-1.536035156817133762e-03 -1.611302023670000208e-02
1.358410331625734685e-03 -5.770602347140000449e-03
-1.583863105357363049e-03 -1.322872000729999852e-02
-1.954789555519066691e-03 5.998125585750000571e-02
-2.050690316363257271e-02 -3.350758273329999537e-01
-1.902143941317224751e-02 -2.700951753690000040e-02
-1.893112974277427751e-02 -1.143776032430000034e-01
1.013860786585607521e-04 2.181243910530000218e-01
4.501222741959187701e-03 -2.490325503449999922e-02
4.716612423920962804e-03 2.127373648850000021e-01
-4.237055455371341317e-02 -2.894552756800000126e-01
-6.522767205285162628e-03 -5.944002700419999397e-02
-1.105989000980039938e-02 -9.171181847969998857e-02
6.587042192444325650e-03 -5.439878328250000866e-02
-1.208432288137911703e-02 -1.460157897150000106e-01
-7.363958593292752042e-03 -3.914892247970000461e-02
8.376502395583629301e-03 4.157889090450000297e-02
3.509002717893117129e-03 4.485421708180000605e-02
-1.322853807981227980e-02 3.190473138560000199e-02
1.043148670529014943e-03 -2.912688047020000129e-02
-1.002307817964132042e-02 2.857736535149999965e-02
-3.225710696852290837e-03 -1.588261271869999963e-02
-2.555263876940383483e-03 -7.465183063310000533e-02
-1.642413223205130279e-03 7.740899186049999929e-03
-5.460131026054693137e-03 -4.260412820540000062e-02
-4.135661746842544950e-03 -6.884409527679999363e-02
-2.269258897596548863e-03 2.329825849340000019e-02
-1.626391846386077145e-02 -1.190049763299999841e-01
5.546714372850591879e-03 2.449150968670000053e-02
4.034423674479481470e-03 9.722329438849999783e-02
-7.243571016944949648e-03 -1.520709580139999878e-02
-4.232856430043696605e-02 -1.003410471850000041e-01
1.569882794848054264e-02 1.251384274639999981e-02
2.708281397180824224e-02 2.456353218740000427e-02
-1.108101197407163063e-02 -4.460630260899999672e-02
9.472255081870231685e-04 -3.913450890199999394e-02
-2.698848463676684073e-06 -2.888059898929999994e-02
6.689313169306890239e-03 1.126070991429999925e-02
1.270826972596379723e-02 -7.136704811119999733e-04
2.019910803094898677e-02 1.842876882359999746e-01
-2.297657485508801389e-03 -8.914728682170001278e-03
-1.403941009650230831e-04 2.840921497979999669e-02
-2.615502373230597921e-03 5.221847693409999505e-04
3.590587985091722723e-03 -3.004333760609999640e-02
1.736451616234416240e-02 4.056014003500000298e-01
-1.601745207473949384e-03 -4.406756711010000049e-02
9.358288851534890540e-03 1.099305467059999951e-02
2.449372269126559587e-02 2.095911420340000261e-02
5.247817585919967165e-03 -4.953113119880000331e-02
-4.926140824183078415e-03 -4.033524559840000190e-02
-3.005929536794682555e-03 -4.206442624130000280e-02
2.262493935994613903e-02 -7.365050648630000474e-02
-2.408939857079139824e-02 -1.739491473380000083e-02
4.098586917511215511e-02 1.409226337559999973e-02
-1.641698500682009509e-02 -1.444790101019999828e-01
9.169935156964070799e-04 -4.036168364530000607e-01
1.302530652809108513e-02 -3.752511296019999526e-02
2.536919979892693355e-03 -6.520776356819998898e-02
-2.383092287235399898e-02 -1.155902602579999966e-01
2.478972183932393047e-02 -6.373079656659999537e-02
-1.573835019382885392e-02 6.911669581470000247e-03
-1.111573099412388466e-02 9.862425814510000777e-02
-1.145624714434556601e-02 -2.570953149309999630e-01
-9.617232525922614350e-03 -8.859394839610000572e-02
-9.492654555738777589e-03 -9.511396738640000292e-02
-1.507669445204706804e-02 -6.340147999500000096e-03
-2.152377299876384598e-03 -9.028113653550001727e-02
3.823287486284465686e-03 -8.368869936030000345e-02
3.682632639059879587e-03 -6.321359925489999920e-01
4.848082949712062550e-03 -2.120175033619999764e-03
-1.562348762134868618e-02 1.982199171049999972e-02
-5.964324675553300814e-03 -3.230484477259999796e-03
-4.140642043729769739e-03 -1.002060793410000129e-02
-1.283307558944279947e-02 -1.805127782909999798e-02
2.012701550024731389e-02 -2.256742441349999725e-02
7.905767296482846263e-03 -4.371603168140000134e-03
1.014384224103082044e-02 1.641350059309999720e-02
-1.460616817751780872e-03 3.337663738080000591e-04
3.798060995099605819e-03 1.863391912709999945e-02
-2.220270450534300721e-02 -7.401788565950000176e-02
1.301728061037010775e-02 1.151228174020000050e-01
1.485678247683225317e-02 -4.676647630809999817e-02
-1.842980682563161166e-02 8.574478178369999981e-02
-5.804043012970211413e-02 -8.148667601679999983e-02
-6.240766249699214452e-03 -1.471282454760000080e-01
6.694044736388266026e-02 2.304190533610000202e-01
-1.995965423578627274e-02 1.924610366069999870e-02
-2.504454187625509975e-02 -1.705525391249999856e-01
-1.849790075702306691e-02 -3.009147809340000437e-02
-3.197525752013186118e-02 -2.702091793730000413e-01
-4.150488792060796905e-02 -2.799381352190000172e-01
-1.082519165385925075e-01 -2.554425552199999783e-01
-1.391153525261062951e-02 -2.005026597039999692e-01
-1.303836143633718692e-03 -4.250436356580000741e-02
-6.102805461017379862e-02 -9.880940266609999911e-02
3.286705647177329270e-02 6.811177316619999866e-02
-5.425987750289756884e-02 -1.928136589459999994e-01
-6.037821303603863043e-03 6.751668441140000997e-03
-2.607782096126876059e-02 -4.890708751660000075e-01
-9.249218389869584556e-03 -7.863847480519998989e-02
-1.939405345433342642e-02 -5.598420905330000336e-02
-1.294156423995521110e-02 9.703938304539999615e-03
1.047325282751779274e-02 4.429012992290000117e-01
-1.814206991873948405e-02 -1.068581380600000102e-01
4.306616273387908755e-04 -8.382066882520000650e-02
1.717293064639707767e-02 5.391188294090000221e-01
-9.032365564325489649e-03 -6.546681664789999466e-02
4.777252321177455352e-03 -1.432905749169999937e-02
-5.826523113010351196e-03 -7.600968083499999063e-03
-2.284297448671301911e-02 -1.076333584960000034e-01
-3.593998749656934777e-03 -4.173443761019999393e-02
-1.258045711310318282e-02 -2.695234718090000481e-01
-1.327985179076496269e-02 -9.202500025250000271e-02
-2.424547627553996776e-02 -1.160873093280000018e-01
-6.565338702606893229e-03 5.108284459340000326e-03
3.282760043889054735e-03 1.854636591480000180e-02
-1.580145126001564204e-02 -8.349577647819999421e-03
-1.379175721050251990e-02 7.832080200499998493e-03
-3.266241138338066285e-03 3.810034135109999914e-02
-6.149328087426297884e-03 2.364840673109999680e-02
-1.974027812566381268e-02 -3.816959688440000470e-02
4.004916201257868735e-04 6.840569695569999331e-02
1.986541953383325065e-03 8.861135890570000576e-03
-2.270788871194140413e-03 -1.362866626019999979e-02
-1.633536983279814114e-01 -5.968382494699999707e-01
-1.192689206066710472e-02 -8.889064371359998648e-03
2.270702522949896718e-02 8.448043184890000057e-02
-1.757975226466368390e-03 -2.318426785920000288e-01
-2.698033854987569313e-04 -2.570946464179999502e-01
-2.960705321606083018e-03 1.422955974840000026e-01
-5.321344705742336867e-02 2.367791655590000266e-01
4.453148328247169552e-03 2.551543171310000080e-01
1.468290583188414100e-02 2.295827021069999918e-01
4.308319028390905636e-03 2.496047222520000053e-01
4.429768370828535140e-03 2.037464368130000036e-01
-1.315809468294382167e-02 1.137375450500000135e-01
-1.220115379497510588e-03 2.761713371289999941e-01
-1.383395455584490730e-02 2.113917312359999967e-01
-4.595626582198253374e-03 2.658662092619999973e-01
-2.241787999958555488e-02 1.972521337600000035e-01
-2.661131950832329451e-02 2.640374521209999936e-01
-7.843980796118699139e-03 2.553406045170000249e-01
-1.251909558356945062e-02 2.659405839339999966e-01
-2.440064518048556952e-02 -2.125894599869999901e-01
-4.523721606180863830e-03 2.378599498999999784e-01
-2.645249312778952255e-02 1.638097587039999969e-01
-9.901987105159104630e-03 -2.434570906880000052e-01
-1.157577846743917949e-02 2.147841819590000090e-01
-1.832951634114121653e-02 2.464622641510000323e-01
4.345140305868999686e-02 -5.025456723569999840e-01
5.838472350604306804e-03 3.378397268980000423e-02
-4.011931493001608118e-03 7.120217201110000393e-02
-1.472178410808699933e-02 4.380903534639999514e-02
-1.134154348845561877e-03 7.056838294530000388e-02
-8.216358352133634746e-03 2.381078191879999750e-02
1.580469992034294613e-02 6.941140046100000016e-02
-4.698843428316501480e-03 4.622220094499999987e-02
-3.240430382095316197e-03 5.777477974689999851e-02
3.748280729927244703e-02 9.611090014830001027e-02
8.026155421877789742e-03 8.158247134989998761e-02
-1.722569562159048662e-02 3.168782322520000139e-02
2.734420874077558850e-02 -9.421034110840000378e-03
3.743768215482545791e-02 4.356725584930000450e-02
-6.163777141440229812e-04 4.959258512999999841e-02
8.167923778516716915e-03 3.850293793509999840e-02
-6.839672247789496673e-02 6.844794783580000763e-02
1.631045450791535067e-02 7.455660888130000163e-02
-1.090473385453760713e-03 3.023854786290000249e-02
-1.141137659250102132e-02 -1.635926077689999966e-02
2.355244738674999727e-02 7.700597058399999244e-03
-7.365307133848875143e-02 -2.180375180380000055e-01
-2.499348293617309480e-03 4.462545555040000472e-02
5.512737103873011080e-03 9.293903191429998822e-02
3.993531239769188002e-02 1.676973638210000062e-01
-3.573185206984785811e-02 -1.711627027119999866e-01
-2.608078138129643619e-02 -2.159244959239999817e-01
-1.106086723803345606e-02 -1.586598723129999805e-02
-5.629869241540241820e-02 -6.913447139860000312e-02
1.041632089264266092e-02 4.192147034250000293e-02
-1.282294786389037711e-02 -1.522564197219999915e-01
4.616449829650148828e-02 -1.082443279569999944e-01
-6.773157002817220551e-03 -3.579608276729999705e-01
-3.879980164971386092e-02 -5.395847592970000051e-01
-5.915456344944058920e-03 4.828203925199999608e-02
-4.951598036333382247e-03 -4.560674671709999961e-01
2.501636534667850409e-02 5.432205073860000427e-02
-6.007317106121345951e-03 -2.710949072159999917e-01
2.375736205347600549e-02 -1.286331378190000152e-01
2.388344634525241261e-02 -2.433157939770000111e-01
2.867258561582763932e-03 6.065188172040000131e-02
-1.103329401648633912e-02 2.157738095239999931e-02
3.803377217414904976e-02 1.105789363480000065e-01
2.049944639738310315e-02 -6.960227272730000470e-02
-2.524722593402051185e-02 3.131430041150000398e-02
-1.934117808341118128e-02 5.066287878789999671e-02
-2.803771479000594091e-02 7.473194896849999491e-02
-3.910434295963272078e-03 5.568910256410000703e-02
2.053655745247728870e-02 1.434094736590000099e-02
-3.913776603742058491e-02 -1.653691975619999976e-01
-1.425641374328783240e-01 -2.726222012249999993e-02
-5.422018083527990751e-02 -2.162633870059999658e-02
-5.845658929243269242e-03 -8.221405382200000500e-02
-2.634056452086475097e-03 5.728314238950000387e-04
1.480803520246465332e-02 1.199605239770000151e-02
3.172677858542627405e-02 -1.609383524279999964e-02
-1.404781148575118266e-04 -2.395205105790000101e-03
6.961878618545913611e-03 -1.026381777500000037e-01
-5.892553496187336037e-03 -1.051648734939999996e-01
-4.857963414732102692e-03 -2.422391654359999646e-02
-2.147114108385195230e-03 -7.069153639219999397e-02
2.648491535091057614e-03 -9.583865182970000007e-02
6.753029550334410658e-03 -5.088347925569999819e-02
-8.714120985762296989e-03 1.027617212590000058e-03
1.965072466795469985e-02 6.534385652879999562e-02
-4.645121934606866176e-03 -1.777129281480000237e-03
-7.489462951261516288e-03 -7.509365517939999533e-03
-1.596485998929908501e-02 -2.531619163619999724e-01
-1.892981897370971112e-03 -8.889731917049999155e-02
-1.710826087806038842e-03 -2.591486303009999867e-02
1.121959932431293439e-02 2.734016294690000404e-02
1.004615328649895895e-05 0.000000000000000000e+00
-1.122220168837151366e-02 -3.057014253560000339e-02
9.375691813175213163e-03 -5.249059614729999906e-02
-2.620955072888164761e-02 -1.185455374439999855e-02
-3.033941041958865270e-03 -3.660441426150000399e-02
9.173249142187533955e-03 -5.356911517040000015e-02
-1.074080224809484951e-01 -7.334654892769999768e-02
-1.872695285560055378e-02 -3.236577090849999949e-02
-2.080618682253188023e-02 -6.884666372070000206e-02
-4.258668036424767545e-02 -2.087251771889999941e-01
-1.934395809212136053e-02 -2.146844626519999952e-02
-1.576620602675382621e-03 7.042811358700000468e-02
-2.583001746830226875e-02 -2.205575724360000212e-01
-3.890916358376894646e-02 -1.971771433420000108e-01
1.580447963002828971e-02 3.079184798130000233e-01
9.485813647040819419e-03 1.984783915990000203e-01
-8.833023452262667163e-04 -1.613297066540000154e-03
-1.645463430250304615e-02 -1.438250033500000080e-01
-1.152070733334503716e-02 -1.767065500410000267e-01
-1.402424564402870999e-02 -7.515375828060000263e-02
-2.822753487945200979e-02 -1.911237575200000205e-01
-9.335449465156797633e-03 -1.473449027529999955e-01
8.437643856345170001e-03 6.674688524240000864e-02
2.437403839878571343e-02 2.640700446799999768e-02
3.508350684498395822e-03 7.639242295730000465e-02
4.767156499596691965e-03 1.045938892049999985e-01
-2.339101826153267005e-03 1.361774689640000147e-01
1.430272027683765490e-02 4.057304193240000162e-02
-1.275145577811609421e-03 1.357721949749999928e-02
-9.855029161205730581e-03 -2.299313124359999780e-02
-1.055849630644389858e-02 -4.634332694830000515e-02
4.593873043372775911e-03 -1.088464327370000130e-02
-2.860309075853995076e-03 5.193395860789999999e-03
-1.161514767683113902e-03 -2.241413006299999844e-02
-1.116654729483024244e-02 -5.721321685540000507e-02
-5.013234525088838822e-03 4.711795864900000103e-02
-5.727537609473309921e-03 1.918671248569999918e-02
4.763379026865521837e-03 -3.145242222419999956e-02
-3.245794423951897656e-03 -1.667985385489999944e-02
-9.934182573295702312e-04 -1.122264423950000006e-02
-3.589442960055921894e-03 -9.764990956119999621e-02
-2.681814909640566069e-02 2.558583792579999586e-03
-6.550818511874847982e-03 -3.893078737960000563e-02
-9.952908699336765475e-04 7.993046436299999780e-02
-5.336127537856893976e-05 6.530925224179999489e-02
-6.330632473935074445e-03 -4.366948361459999789e-02
6.435625612867673651e-04 4.802436937749999385e-02
-1.747479858306436040e-03 2.689031558280000067e-02
2.930480762872325617e-02 4.307784604530000006e-01
-4.090903761443442227e-02 -5.725422491869999048e-02
-1.713759976537587715e-02 5.751582964699999967e-02
-1.883159743580120615e-02 7.542384755499999260e-02
5.698635645204452871e-03 1.052736927429999969e-01
-1.353715586041281949e-02 7.170534383649999899e-02
-6.520888381993494853e-03 9.389149102260001267e-02
-1.972614104362035992e-02 2.746898628870000220e-02
-1.045167787439038598e-02 -1.225226953079999910e-02
1.021685916515557846e-02 2.542372881359999948e-02
9.988573865834959875e-03 1.183970856099999906e-02
-1.708511411097968224e-02 2.093802345059999834e-02
-1.311049727713742286e-02 2.857865452709999754e-02
-2.742567554424202303e-02 -1.172043010750000031e-01
3.232109831517893106e-03 2.274806078869999817e-02
-9.511642696669486696e-03 2.753133535509999855e-02
-1.003824215324178315e-02 -3.762655651930000428e-02
-2.566701690486516974e-02 -2.103654315630000202e-02
-6.343305964945133990e-02 -2.833410522800000053e-01
-2.499662020177151334e-03 -1.187346067540000077e-01
